# neuroc1 3/9/2022 2:40 PM
time Delta Theta Alpha1 Alpha2 Beta1 Beta2 Gamma1 Gamma2 Attention Meditation Derived totPwr  class 
# LogStarts: HEAD_SET 3/9/2022 -- 2:40 PM: obs 0
# StartBaseline:  3/9/2022 -- 2:40 PM: obs 0
1 7.3 104132 40624 3550 20545 12831 5142 2106 504 43 44 NA 189434  X*
2 8.2 34894 22706 1407 3374 7347 1841 901 994 43 35 NA 73464  X*
3 11.0 230758 213188 16248 82931 19118 30739 4062 3849 51 38 NA 600893  X*
4 12.0 381521 141266 87378 13178 36096 11679 9988 2113 41 43 NA 683219  X*
5 13.0 1774720 55102 16570 21292 4651 6230 556 1102 41 63 NA 1880223  X*
6 14.0 225750 62527 30978 15345 6878 4206 887 426 24 70 NA 346997  X*
7 15.0 2139622 92642 16959 17219 3719 2220 1028 1678 8 77 NA 2275087  X*
8 16.0 1306023 100055 49790 23971 10829 7146 4406 1668 8 78 NA 1503888  X*
9 17.0 86865 5687 2496 507 557 680 159 48 11 75 NA 96999  X*
10 18.0 668567 111194 69228 10918 14007 6796 2127 1490 13 70 NA 884327  X*
11 19.0 876026 48492 7036 11734 6157 14405 2862 2155 50 67 NA 968867  X*
12 20.0 102872 56246 15975 13038 14200 2349 2407 691 44 61 NA 207778  X*
13 21.0 68826 46134 17915 11637 6457 6238 1251 1403 47 63 NA 159861  X*
14 22.0 23734 51792 8197 9108 6948 5702 7301 1961 57 53 NA 114743  X*
15 23.0 91097 38693 23898 4012 5056 9130 5949 6148 50 63 NA 183983  X*
16 24.0 292936 20375 12593 9940 6994 2577 1249 1484 61 74 NA 348148  X*
17 25.0 97403 143843 90540 20977 14832 37420 4896 2816 69 75 NA 412727  X*
18 26.0 3118265 269863 116025 93425 27257 27135 9032 4906 64 88 NA 3665908  X*
19 27.0 240073 8570 3496 14741 6644 1238 990 695 50 97 NA 276447  X*
20 28.0 62389 13604 11818 13775 13550 4100 637 422 57 97 NA 120295  X*
21 29.0 81327 28751 9411 12313 23262 4595 1701 761 51 91 NA 162121  X*
22 30.0 29671 9397 5291 51254 6781 19987 3969 2253 75 100 NA 128603  X*
23 31.0 180365 14660 4594 3774 7025 5465 1351 801 100 84 NA 218035  X*
24 32.0 1923 9407 20030 35394 11830 6021 5559 1883 94 91 NA 92047  X*
25 33.0 8853 9943 4502 50022 26282 8853 3121 1335 100 100 NA 112911  X*
26 34.0 212319 43760 9662 7247 13295 2301 1844 324 70 80 NA 290752  X*
27 35.0 45502 61118 26335 9586 27508 6715 2928 3997 54 81 NA 183689  X*
28 36.0 269436 16485 24016 6542 7843 4444 2150 2526 56 74 NA 333442  X*
29 37.0 411638 36768 8650 7540 3286 4225 906 620 50 57 NA 473633  X*
30 38.0 9519 12831 28087 5916 15314 6435 2415 2935 69 75 NA 83452  X*
31 39.0 3064 1623 24394 8918 16490 3829 2715 1405 75 93 NA 62438  X*
32 40.0 27318 12280 22495 12071 13717 18111 3569 2952 90 91 NA 112513  X*
33 41.0 1879689 471083 45020 66988 17758 12308 24478 15900 69 83 NA 2533224  X*
34 42.0 5619 24664 5384 11218 18049 25106 20642 21405 80 64 NA 132087  X*
35 43.0 4052 6075 42411 7381 5711 9364 14870 9264 80 66 NA 99128  X*
36 44.0 2558 6908 12764 3449 5209 18726 19239 12098 80 57 NA 80951  X*
37 45.0 103396 24168 9361 8863 11629 4841 1193 229 97 66 NA 163680  X*
38 46.0 11794 14549 13489 5486 7056 8425 5285 1269 84 78 NA 67353  X*
39 47.0 6057 16812 15172 12772 10935 8818 2009 3349 84 64 NA 75924  X*
40 48.0 13743 9597 21562 4558 6556 3290 3431 2078 61 77 NA 64815  X*
41 49.0 2988 20658 4828 9065 4104 5235 2307 2672 63 77 NA 51857  X*
42 50.0 5586 3352 20676 31771 5368 6388 2411 3602 54 93 NA 79154  X*
43 51.0 14368 15729 4182 5962 10719 9753 1524 3097 61 78 NA 65334  X*
44 52.0 2840 36811 38697 11901 23597 9762 4118 5142 64 67 NA 132868  X*
45 53.0 308408 34327 10503 8068 6712 2496 1963 784 53 64 NA 373261  X*
46 54.0 15413 16837 1768 11026 17023 13383 2762 6767 67 38 NA 84979  X*
47 55.0 331921 4896 668 1919 10504 2628 2617 4113 66 29 NA 359266  X*
48 56.0 8392 11574 4646 8247 6969 5930 5971 4749 75 27 NA 56478  X*
49 57.0 5075 20409 7546 13647 8181 4856 1671 8226 84 29 NA 69611  X*
50 58.0 106686 30073 3162 3588 2869 1455 1300 1460 57 26 NA 150593  X*
51 59.0 24751 29587 19506 12471 9402 3086 9702 2867 37 44 NA 111372  X*
52 60.0 341572 5169 2446 4186 4527 2075 2004 3368 34 44 NA 365347  X*
53 61.0 43870 9682 12840 7053 1488 2946 1029 497 30 54 NA 79405  X*
54 62.0 255104 18994 4475 3324 10351 2298 1943 494 38 57 NA 296983  X*
55 63.0 3557 4974 11230 12578 20448 4157 3457 2649 51 57 NA 63050  X*
56 64.0 13852 60976 59507 42891 24635 10921 2829 3061 40 66 NA 218672  X*
57 65.0 437826 56645 19310 50589 16599 5361 1759 4120 29 61 NA 592209  X*
58 66.0 31237 43101 25560 33697 14073 5776 4094 2006 26 77 NA 159544  X*
59 67.0 41341 132213 30818 53071 15523 17504 3872 3515 20 70 NA 297857  X*
60 68.0 111376 6998 2224 6527 1465 1406 1357 913 21 69 NA 132266  X*
61 69.0 496629 136407 16542 4005 5829 15399 5303 1334 30 48 NA 681448  X*
62 70.0 307494 29530 7168 32177 12270 7873 5375 1854 40 44 NA 403741  X*
63 71.0 10248 8946 4550 18068 5071 5902 5982 9246 48 54 NA 68013  X*
64 72.0 94770 12017 5248 10845 4949 4650 3911 2082 56 53 NA 138472  X*
65 73.0 13032 10894 11409 25983 8778 3367 4473 3801 53 81 NA 81737  X*
66 74.0 46911 18573 11161 30946 7933 8882 7355 2915 56 87 NA 134676  X*
67 75.0 28915 27666 26935 18991 16702 5990 12751 2818 47 83 NA 140768  X*
68 76.0 26535 20302 20176 7728 12694 6771 1928 877 44 83 NA 97011  X*
69 77.0 20489 24832 22531 21547 15838 5959 3413 2422 47 77 NA 117031  X*
70 78.0 47764 35653 21928 12629 20122 18653 9114 957 53 64 NA 166820  X*
71 79.0 11630 8348 10799 15880 7554 4818 5421 1386 57 69 NA 65836  X*
72 80.0 258619 25842 9253 7496 9423 3681 1110 946 53 64 NA 316370  X*
73 81.0 94474 101973 13674 20996 7733 7018 3434 1148 48 51 NA 250450  X*
74 82.0 9397 14333 14079 12757 10963 5884 4808 3242 40 57 NA 75463  X*
75 83.0 8316 11601 12835 22212 13538 7387 2095 1834 41 56 NA 79818  X*
76 84.0 249419 30732 15797 13261 13169 9283 1657 2622 48 60 NA 335940  X*
77 85.0 1254452 53789 5799 12770 5610 3371 1625 634 48 60 NA 1338050  X*
78 86.0 7437 17106 1406 5350 1647 3182 850 1182 48 48 NA 38160  X*
79 87.0 377818 115105 33435 10914 7128 9950 5464 6683 38 34 NA 566497  X*
80 88.0 13881 29188 2077 21716 7118 9216 5034 3855 40 30 NA 92085  X*
81 89.0 57718 18842 35012 16625 7944 6863 4567 4080 48 50 NA 151651  X*
82 90.0 343679 25863 16152 36290 7620 3084 6388 3306 35 66 NA 442382  X*
83 91.0 41462 13989 25417 6797 5690 10450 8539 1911 48 81 NA 114255  X*
84 92.0 274717 26868 5731 9419 11595 2023 948 505 34 78 NA 331806  X*
85 93.0 232006 30350 18314 10102 5773 2053 933 766 23 69 NA 300297  X*
86 94.0 232353 63924 15830 47111 7052 20401 8871 5151 37 61 NA 400693  X*
87 95.0 41530 35560 17785 16061 32877 13500 5772 1898 35 51 NA 164983  X*
88 96.0 235034 10152 5105 7307 7328 2402 1278 264 43 57 NA 268870  X*
89 97.0 15083 9142 10844 25160 7176 5085 3916 5076 54 67 NA 81482  X*
90 98.0 33689 33922 41832 23362 10989 12647 5839 4275 53 74 NA 166555  X*
91 99.0 15203 6662 1957 7249 9263 4356 9818 1029 56 74 NA 55537  X*
92 100.0 25634 6587 9395 7582 8628 7914 3474 4710 69 75 NA 73924  X*
93 101.0 541542 45199 17944 7370 14532 3432 2061 2755 61 56 NA 634835  X*
94 102.0 85613 66889 26044 24831 7971 13854 1976 1628 61 50 NA 228806  X*
95 103.0 7571 5742 17357 41883 6693 5782 9205 5790 48 70 NA 100023  X*
96 104.0 117132 15370 11574 19334 11888 4935 1766 901 35 74 NA 182900  X*
97 105.0 19956 5986 3264 5487 2001 1930 902 642 47 83 NA 40168  X*
98 106.0 15656 6837 16014 26208 5927 7636 6072 3272 50 97 NA 87622  X*
99 107.0 37102 43410 6395 3348 35090 10344 4621 4288 60 60 NA 144598  X*
100 108.0 28579 26539 30769 10104 17670 8454 3865 4924 61 56 NA 130904  X*
101 109.0 19106 8498 46561 16801 7387 8057 6539 4422 60 69 NA 117371  X*
102 110.0 67278 42380 28084 52965 30597 22410 3398 2747 60 57 NA 249859  X*
103 111.0 452363 92994 33833 123386 96897 42508 7209 6661 57 78 NA 855851  X*
104 112.0 589520 286594 41690 26528 23348 13862 4102 2897 44 64 NA 988541  X*
105 113.0 21289 30066 3740 89272 31110 12612 3093 2698 43 54 NA 193880  X*
106 114.0 4899 16147 5037 13918 7791 6964 1743 2675 44 50 NA 59174  X*
107 115.0 122110 5628 2964 2041 3859 1705 891 446 44 47 NA 139644  X*
108 116.0 70068 15085 20674 4435 4969 10914 5812 2622 64 60 NA 134579  X*
109 117.0 624288 46744 32321 20675 91619 11818 4695 4024 67 44 NA 836184  X*
110 118.0 79443 29963 20882 44330 9490 12080 2176 3942 63 54 NA 202306  X*
111 119.0 51475 50000 4163 4481 3115 4132 1798 864 54 41 NA 120028  X*
112 120.0 32913 17726 17041 7684 7698 9605 3108 2639 53 41 NA 98414  X*
# EndBaseline:  3/9/2022 -- 2:42 PM: obs 112
113 121.0 103051 13376 11442 6712 3342 2645 488 909 48 53 NA 141965  X
114 122.0 836944 20466 3435 24428 12766 13947 9739 17101 57 44 NA 938826  X
115 123.0 646529 44120 28989 20524 27850 14307 8976 5948 64 60 NA 797243  X
116 124.0 9743 14426 15790 11588 8380 8508 7533 2792 64 61 NA 78760  X
117 125.0 49226 9119 11848 41310 5573 14670 2204 2720 77 67 NA 136670  X
118 126.0 926509 19880 1688 5390 2954 1398 1233 1728 56 60 NA 960780  X
119 127.0 818683 49243 9503 20783 5254 8947 3565 4554 53 56 NA 920532  X
120 128.0 94931 29795 21805 6306 29116 14696 2663 12193 54 48 NA 211505  X
121 129.0 84443 17375 2333 2181 8960 5349 4516 4524 56 20 NA 129681  X
122 130.0 36447 15624 1200 59090 17315 9572 10236 5340 66 38 NA 154824  X
123 131.0 101182 7370 4560 10059 5185 3354 1887 1074 69 44 NA 134671  X
124 132.0 279840 98677 34065 52493 31926 41734 8056 3776 69 48 NA 550567  X
125 133.0 24661 23838 3711 7885 9997 11666 7039 1820 74 54 NA 90617  X
126 134.0 4156 4050 3816 5698 5240 1911 1511 291 74 50 NA 26673  X
127 135.0 237044 24187 25409 102578 15621 29802 5685 3034 75 57 NA 443360  X
128 136.0 40475 72195 3840 4589 9733 7632 1114 787 64 40 NA 140365  X
129 137.0 5250 29934 9798 9123 6032 8194 7233 6711 60 48 NA 82275  X
130 138.0 10340 27277 15699 6527 19015 5624 2594 2823 56 38 NA 89899  X
131 139.0 53875 64960 13999 30334 20548 10964 4542 4305 50 23 NA 203527  X
132 140.0 7314 9199 15782 4594 47289 8833 3983 2527 61 35 NA 99521  X
133 141.0 27800 7308 1977 50761 4434 25132 5081 3203 69 47 NA 125696  X
134 142.0 129129 11845 3572 1067 3340 2323 1757 578 70 41 NA 153611  X
135 143.0 27714 6357 5722 4758 2668 3656 1177 1181 78 48 NA 53233  X
136 144.0 13202 8775 2137 7386 13742 14036 3355 4324 88 47 NA 66957  X
137 145.0 23378 26016 16461 20660 25415 5844 8974 4008 70 40 NA 130756  X
138 146.0 30927 37739 15108 10431 12742 12495 4890 3723 75 44 NA 128055  X
139 147.0 33894 61775 12888 31219 22796 35105 4682 2508 80 35 NA 204867  X
140 148.0 31876 16074 5636 17449 22211 8556 4745 2336 66 41 NA 108883  X
141 149.0 38658 52475 10258 24236 22203 11343 6839 3036 70 35 NA 169048  X
142 150.0 149211 29082 2602 5394 6658 7189 884 920 70 27 NA 201940  X
143 151.0 24220 21474 29168 31907 2988 7934 5545 3819 57 47 NA 127055  X
144 152.0 1256 14940 28174 19225 4954 10898 3796 2992 54 57 NA 86235  X
145 153.0 110115 18592 20828 8093 12106 8606 6846 4624 57 64 NA 189810  X
146 154.0 454448 64295 14243 13312 6758 3516 1540 857 40 74 NA 558969  X
147 155.0 24099 40952 5587 8637 14289 19076 9334 3056 54 47 NA 125030  X
148 156.0 65725 37954 10532 18162 18818 9838 7584 2576 53 30 NA 171189  X
149 157.0 25277 6518 5675 28465 11687 4234 7576 2956 47 40 NA 92388  X
150 158.0 41612 33564 2681 24138 9984 7116 2780 1309 57 44 NA 123184  X
151 159.0 7878 4887 13356 24851 4588 11628 3608 3539 56 70 NA 74335  X
152 160.0 25084 52707 15209 12228 15389 24810 4248 1657 64 67 NA 151332  X
153 161.0 43467 9617 15919 10834 13759 9797 5558 1646 75 60 NA 110597  X
154 162.0 5527 8124 12664 20977 18733 9601 3196 3293 83 66 NA 82115  X
155 163.0 18632 12726 15666 17662 4519 7700 2760 2410 78 63 NA 82075  X
156 164.0 161964 44756 25939 38777 15027 12042 4436 9884 64 77 NA 312825  X
157 165.0 306702 66487 54684 9735 10333 12293 3050 2632 54 77 NA 465916  X
158 166.0 23281 5940 35779 30241 6662 18553 4813 3066 56 84 NA 128335  X
159 167.0 705510 34181 28564 24614 27939 15117 4943 6601 56 77 NA 847469  X
160 168.0 6556 21523 47555 31452 15826 8681 5080 3413 54 83 NA 140086  X
161 169.0 86373 51885 48200 34424 23844 10552 3393 2224 51 87 NA 260895  X
162 170.0 13235 42902 13952 10077 11415 9406 3673 2129 43 64 NA 106789  X
163 171.0 326506 27071 46234 13450 22294 5250 4873 2145 30 70 NA 447823  X
164 172.0 18904 121680 5757 79330 18390 5174 6508 3470 20 60 NA 259213  X
165 173.0 173481 43395 19848 9597 9164 5062 3752 4320 17 51 NA 268619  X
166 174.0 118212 32486 11513 98355 13841 15419 2946 1502 16 69 NA 294274  X
167 175.0 721274 67522 16743 22936 47081 27060 4043 5038 30 53 NA 911697  X
168 176.0 84319 10116 18574 2807 3452 2678 869 346 43 61 NA 123161  X
169 177.0 22935 11473 14468 11838 10319 11337 2990 3361 60 66 NA 88721  X
170 178.0 1199498 19711 45091 9752 5704 10470 2100 1939 61 64 NA 1294265  X
171 179.0 27191 7335 27937 20042 6964 4938 4061 2033 50 90 NA 100501  X
172 180.0 34196 28079 5868 5352 6576 6111 2459 2063 56 70 NA 90704  X
173 181.0 548647 56195 29830 29036 22374 7534 9477 1954 40 70 NA 705047  X
174 182.0 253184 37319 1609 9568 9354 3315 1694 707 30 50 NA 316750  X
175 183.0 150002 118077 103414 23018 16163 8910 3451 5073 23 38 NA 428108  X
176 184.0 165294 51097 36080 13314 6810 12677 4839 1699 21 50 NA 291810  X
177 185.0 65293 126647 12626 40164 20946 9246 2793 3380 20 40 NA 281095  X
178 186.0 273366 39023 6280 3314 5998 3409 3461 2069 21 40 NA 336920  X
179 187.0 53097 31724 2403 16109 5657 7621 5282 4723 37 34 NA 126616  X
180 188.0 61131 46838 44286 26812 14829 4786 10991 2636 23 37 NA 212309  X
181 189.0 13664 34961 4377 15698 27627 13216 5478 2511 38 34 NA 117532  X
182 190.0 98764 12578 1131 9622 3990 3458 1244 1003 47 44 NA 131790  X
183 191.0 6460 41989 30629 31676 4363 15200 6876 2024 47 53 NA 139217  X
184 192.0 7578 4353 5263 9945 10534 13752 4573 1725 78 47 NA 57723  X
185 193.0 21367 5652 11291 23270 11001 8289 2411 2948 78 66 NA 86229  X
186 194.0 39893 22114 43056 7854 13040 7175 2484 1139 74 75 NA 136755  X
187 195.0 45694 10842 860 850 2882 2219 773 1056 77 50 NA 65176  X
188 196.0 68606 36611 48472 44591 5755 16405 4269 4873 57 61 NA 229582  X
189 197.0 363429 42686 11003 27036 19323 7423 3308 2677 48 50 NA 476885  X
190 198.0 258955 16323 3513 5053 3994 1853 767 297 44 38 NA 290755  X
191 199.0 1392356 69795 8137 8693 13028 13779 5507 3786 43 44 NA 1515081  X
192 200.0 100322 21444 23242 14137 11530 9878 7666 3269 44 40 NA 191488  X
193 201.0 124213 34005 12819 3729 8245 5142 957 530 47 35 NA 189640  X
194 202.0 17914 20581 2731 57530 22742 8262 3498 3725 51 48 NA 136983  X
195 203.0 8917 35965 5219 54353 26418 7014 6876 5305 43 64 NA 150067  X
196 204.0 7021 52873 6602 13292 5618 8378 6115 3092 40 50 NA 102991  X
197 205.0 9191 35075 28035 9916 12858 6516 3266 2830 38 56 NA 107687  X
198 206.0 10930 14296 14712 8805 30804 10283 4144 4705 48 44 NA 98679  X
199 207.0 20163 3939 16495 25910 5658 7520 4921 1941 56 56 NA 86547  X
200 208.0 13690 22080 21094 15929 13641 10325 5601 2733 60 69 NA 105093  X
201 209.0 17111 8609 26270 44752 6028 13027 2547 1349 66 84 NA 119693  X
202 210.0 11522 12740 1763 14055 10091 8577 3231 1535 67 87 NA 63514  X
203 211.0 254554 13380 2761 9012 1723 3177 800 712 66 70 NA 286119  X
204 212.0 580143 177784 54650 138488 33663 11827 11405 3315 47 70 NA 1011275  X
205 213.0 57312 13630 3092 2129 3788 1308 581 216 38 47 NA 82056  X
206 214.0 2762355 586108 44987 30802 35420 15890 8174 10876 8 29 NA 3494612  X
207 215.0 518967 433056 655426 289924 108218 159628 25230 9230 8 40 NA 2199679  X
208 216.0 1085140 68945 5769 11275 7133 4231 3400 2620 13 24 NA 1188513  X
209 217.0 355882 249999 56070 11763 35142 14623 8815 2736 10 23 NA 735030  X
210 218.0 89940 43873 24979 13621 9353 15562 4305 3372 34 40 NA 205005  X
211 219.0 1156835 496776 105520 6144 19140 29419 9370 3613 23 16 NA 1826817  X
212 220.0 330545 7717 3180 3361 2302 2931 628 124 38 26 NA 350788  X
213 220.0 91463 107475 47746 82980 41913 29023 19402 2830 48 40 NA 422832  X
# LogEnds:  3/9/2022 -- 2:43 PM: obs 213
